{
 "cells": [
  {
   "cell_type": "code",
   "execution_count": 1,
   "metadata": {},
   "outputs": [],
   "source": [
    "setwd('c:/rdata')"
   ]
  },
  {
   "cell_type": "code",
   "execution_count": 2,
   "metadata": {
    "scrolled": true
   },
   "outputs": [
    {
     "data": {
      "text/html": [
       "<table>\n",
       "<thead><tr><th scope=col>rating</th><th scope=col>complaints</th><th scope=col>privileges</th><th scope=col>learning</th><th scope=col>raises</th><th scope=col>critical</th><th scope=col>advance</th></tr></thead>\n",
       "<tbody>\n",
       "\t<tr><td>43</td><td>51</td><td>30</td><td>39</td><td>61</td><td>92</td><td>45</td></tr>\n",
       "\t<tr><td>63</td><td>64</td><td>51</td><td>54</td><td>63</td><td>73</td><td>47</td></tr>\n",
       "\t<tr><td>71</td><td>70</td><td>68</td><td>69</td><td>76</td><td>86</td><td>48</td></tr>\n",
       "\t<tr><td>61</td><td>63</td><td>45</td><td>47</td><td>54</td><td>84</td><td>35</td></tr>\n",
       "\t<tr><td>81</td><td>78</td><td>56</td><td>66</td><td>71</td><td>83</td><td>47</td></tr>\n",
       "\t<tr><td>43</td><td>55</td><td>49</td><td>44</td><td>54</td><td>49</td><td>34</td></tr>\n",
       "\t<tr><td>58</td><td>67</td><td>42</td><td>56</td><td>66</td><td>68</td><td>35</td></tr>\n",
       "\t<tr><td>71</td><td>75</td><td>50</td><td>55</td><td>70</td><td>66</td><td>41</td></tr>\n",
       "\t<tr><td>72</td><td>82</td><td>72</td><td>67</td><td>71</td><td>83</td><td>31</td></tr>\n",
       "\t<tr><td>67</td><td>61</td><td>45</td><td>47</td><td>62</td><td>80</td><td>41</td></tr>\n",
       "\t<tr><td>64</td><td>53</td><td>53</td><td>58</td><td>58</td><td>67</td><td>34</td></tr>\n",
       "\t<tr><td>67</td><td>60</td><td>47</td><td>39</td><td>59</td><td>74</td><td>41</td></tr>\n",
       "\t<tr><td>69</td><td>62</td><td>57</td><td>42</td><td>55</td><td>63</td><td>25</td></tr>\n",
       "\t<tr><td>68</td><td>83</td><td>83</td><td>45</td><td>59</td><td>77</td><td>35</td></tr>\n",
       "\t<tr><td>77</td><td>77</td><td>54</td><td>72</td><td>79</td><td>77</td><td>46</td></tr>\n",
       "\t<tr><td>81</td><td>90</td><td>50</td><td>72</td><td>60</td><td>54</td><td>36</td></tr>\n",
       "\t<tr><td>74</td><td>85</td><td>64</td><td>69</td><td>79</td><td>79</td><td>63</td></tr>\n",
       "\t<tr><td>65</td><td>60</td><td>65</td><td>75</td><td>55</td><td>80</td><td>60</td></tr>\n",
       "\t<tr><td>65</td><td>70</td><td>46</td><td>57</td><td>75</td><td>85</td><td>46</td></tr>\n",
       "\t<tr><td>50</td><td>58</td><td>68</td><td>54</td><td>64</td><td>78</td><td>52</td></tr>\n",
       "\t<tr><td>50</td><td>40</td><td>33</td><td>34</td><td>43</td><td>64</td><td>33</td></tr>\n",
       "\t<tr><td>64</td><td>61</td><td>52</td><td>62</td><td>66</td><td>80</td><td>41</td></tr>\n",
       "\t<tr><td>53</td><td>66</td><td>52</td><td>50</td><td>63</td><td>80</td><td>37</td></tr>\n",
       "\t<tr><td>40</td><td>37</td><td>42</td><td>58</td><td>50</td><td>57</td><td>49</td></tr>\n",
       "\t<tr><td>63</td><td>54</td><td>42</td><td>48</td><td>66</td><td>75</td><td>33</td></tr>\n",
       "\t<tr><td>66</td><td>77</td><td>66</td><td>63</td><td>88</td><td>76</td><td>72</td></tr>\n",
       "\t<tr><td>78</td><td>75</td><td>58</td><td>74</td><td>80</td><td>78</td><td>49</td></tr>\n",
       "\t<tr><td>48</td><td>57</td><td>44</td><td>45</td><td>51</td><td>83</td><td>38</td></tr>\n",
       "\t<tr><td>85</td><td>85</td><td>71</td><td>71</td><td>77</td><td>74</td><td>55</td></tr>\n",
       "\t<tr><td>82</td><td>82</td><td>39</td><td>59</td><td>64</td><td>78</td><td>39</td></tr>\n",
       "</tbody>\n",
       "</table>\n"
      ],
      "text/latex": [
       "\\begin{tabular}{r|lllllll}\n",
       " rating & complaints & privileges & learning & raises & critical & advance\\\\\n",
       "\\hline\n",
       "\t 43 & 51 & 30 & 39 & 61 & 92 & 45\\\\\n",
       "\t 63 & 64 & 51 & 54 & 63 & 73 & 47\\\\\n",
       "\t 71 & 70 & 68 & 69 & 76 & 86 & 48\\\\\n",
       "\t 61 & 63 & 45 & 47 & 54 & 84 & 35\\\\\n",
       "\t 81 & 78 & 56 & 66 & 71 & 83 & 47\\\\\n",
       "\t 43 & 55 & 49 & 44 & 54 & 49 & 34\\\\\n",
       "\t 58 & 67 & 42 & 56 & 66 & 68 & 35\\\\\n",
       "\t 71 & 75 & 50 & 55 & 70 & 66 & 41\\\\\n",
       "\t 72 & 82 & 72 & 67 & 71 & 83 & 31\\\\\n",
       "\t 67 & 61 & 45 & 47 & 62 & 80 & 41\\\\\n",
       "\t 64 & 53 & 53 & 58 & 58 & 67 & 34\\\\\n",
       "\t 67 & 60 & 47 & 39 & 59 & 74 & 41\\\\\n",
       "\t 69 & 62 & 57 & 42 & 55 & 63 & 25\\\\\n",
       "\t 68 & 83 & 83 & 45 & 59 & 77 & 35\\\\\n",
       "\t 77 & 77 & 54 & 72 & 79 & 77 & 46\\\\\n",
       "\t 81 & 90 & 50 & 72 & 60 & 54 & 36\\\\\n",
       "\t 74 & 85 & 64 & 69 & 79 & 79 & 63\\\\\n",
       "\t 65 & 60 & 65 & 75 & 55 & 80 & 60\\\\\n",
       "\t 65 & 70 & 46 & 57 & 75 & 85 & 46\\\\\n",
       "\t 50 & 58 & 68 & 54 & 64 & 78 & 52\\\\\n",
       "\t 50 & 40 & 33 & 34 & 43 & 64 & 33\\\\\n",
       "\t 64 & 61 & 52 & 62 & 66 & 80 & 41\\\\\n",
       "\t 53 & 66 & 52 & 50 & 63 & 80 & 37\\\\\n",
       "\t 40 & 37 & 42 & 58 & 50 & 57 & 49\\\\\n",
       "\t 63 & 54 & 42 & 48 & 66 & 75 & 33\\\\\n",
       "\t 66 & 77 & 66 & 63 & 88 & 76 & 72\\\\\n",
       "\t 78 & 75 & 58 & 74 & 80 & 78 & 49\\\\\n",
       "\t 48 & 57 & 44 & 45 & 51 & 83 & 38\\\\\n",
       "\t 85 & 85 & 71 & 71 & 77 & 74 & 55\\\\\n",
       "\t 82 & 82 & 39 & 59 & 64 & 78 & 39\\\\\n",
       "\\end{tabular}\n"
      ],
      "text/markdown": [
       "\n",
       "| rating | complaints | privileges | learning | raises | critical | advance |\n",
       "|---|---|---|---|---|---|---|\n",
       "| 43 | 51 | 30 | 39 | 61 | 92 | 45 |\n",
       "| 63 | 64 | 51 | 54 | 63 | 73 | 47 |\n",
       "| 71 | 70 | 68 | 69 | 76 | 86 | 48 |\n",
       "| 61 | 63 | 45 | 47 | 54 | 84 | 35 |\n",
       "| 81 | 78 | 56 | 66 | 71 | 83 | 47 |\n",
       "| 43 | 55 | 49 | 44 | 54 | 49 | 34 |\n",
       "| 58 | 67 | 42 | 56 | 66 | 68 | 35 |\n",
       "| 71 | 75 | 50 | 55 | 70 | 66 | 41 |\n",
       "| 72 | 82 | 72 | 67 | 71 | 83 | 31 |\n",
       "| 67 | 61 | 45 | 47 | 62 | 80 | 41 |\n",
       "| 64 | 53 | 53 | 58 | 58 | 67 | 34 |\n",
       "| 67 | 60 | 47 | 39 | 59 | 74 | 41 |\n",
       "| 69 | 62 | 57 | 42 | 55 | 63 | 25 |\n",
       "| 68 | 83 | 83 | 45 | 59 | 77 | 35 |\n",
       "| 77 | 77 | 54 | 72 | 79 | 77 | 46 |\n",
       "| 81 | 90 | 50 | 72 | 60 | 54 | 36 |\n",
       "| 74 | 85 | 64 | 69 | 79 | 79 | 63 |\n",
       "| 65 | 60 | 65 | 75 | 55 | 80 | 60 |\n",
       "| 65 | 70 | 46 | 57 | 75 | 85 | 46 |\n",
       "| 50 | 58 | 68 | 54 | 64 | 78 | 52 |\n",
       "| 50 | 40 | 33 | 34 | 43 | 64 | 33 |\n",
       "| 64 | 61 | 52 | 62 | 66 | 80 | 41 |\n",
       "| 53 | 66 | 52 | 50 | 63 | 80 | 37 |\n",
       "| 40 | 37 | 42 | 58 | 50 | 57 | 49 |\n",
       "| 63 | 54 | 42 | 48 | 66 | 75 | 33 |\n",
       "| 66 | 77 | 66 | 63 | 88 | 76 | 72 |\n",
       "| 78 | 75 | 58 | 74 | 80 | 78 | 49 |\n",
       "| 48 | 57 | 44 | 45 | 51 | 83 | 38 |\n",
       "| 85 | 85 | 71 | 71 | 77 | 74 | 55 |\n",
       "| 82 | 82 | 39 | 59 | 64 | 78 | 39 |\n",
       "\n"
      ],
      "text/plain": [
       "   rating complaints privileges learning raises critical advance\n",
       "1  43     51         30         39       61     92       45     \n",
       "2  63     64         51         54       63     73       47     \n",
       "3  71     70         68         69       76     86       48     \n",
       "4  61     63         45         47       54     84       35     \n",
       "5  81     78         56         66       71     83       47     \n",
       "6  43     55         49         44       54     49       34     \n",
       "7  58     67         42         56       66     68       35     \n",
       "8  71     75         50         55       70     66       41     \n",
       "9  72     82         72         67       71     83       31     \n",
       "10 67     61         45         47       62     80       41     \n",
       "11 64     53         53         58       58     67       34     \n",
       "12 67     60         47         39       59     74       41     \n",
       "13 69     62         57         42       55     63       25     \n",
       "14 68     83         83         45       59     77       35     \n",
       "15 77     77         54         72       79     77       46     \n",
       "16 81     90         50         72       60     54       36     \n",
       "17 74     85         64         69       79     79       63     \n",
       "18 65     60         65         75       55     80       60     \n",
       "19 65     70         46         57       75     85       46     \n",
       "20 50     58         68         54       64     78       52     \n",
       "21 50     40         33         34       43     64       33     \n",
       "22 64     61         52         62       66     80       41     \n",
       "23 53     66         52         50       63     80       37     \n",
       "24 40     37         42         58       50     57       49     \n",
       "25 63     54         42         48       66     75       33     \n",
       "26 66     77         66         63       88     76       72     \n",
       "27 78     75         58         74       80     78       49     \n",
       "28 48     57         44         45       51     83       38     \n",
       "29 85     85         71         71       77     74       55     \n",
       "30 82     82         39         59       64     78       39     "
      ]
     },
     "metadata": {},
     "output_type": "display_data"
    }
   ],
   "source": [
    "attitude"
   ]
  },
  {
   "cell_type": "code",
   "execution_count": 3,
   "metadata": {},
   "outputs": [
    {
     "data": {
      "text/html": [
       "<table>\n",
       "<thead><tr><th></th><th scope=col>rating</th><th scope=col>complaints</th><th scope=col>privileges</th><th scope=col>learning</th><th scope=col>raises</th><th scope=col>critical</th><th scope=col>advance</th></tr></thead>\n",
       "<tbody>\n",
       "\t<tr><th scope=row>rating</th><td>148.17126</td><td>133.77931</td><td> 63.46437</td><td> 89.10460</td><td> 74.68851</td><td>18.84253 </td><td> 19.42299</td></tr>\n",
       "\t<tr><th scope=row>complaints</th><td>133.77931</td><td>177.28276</td><td> 90.95172</td><td> 93.25517</td><td> 92.64138</td><td>24.73103 </td><td> 30.76552</td></tr>\n",
       "\t<tr><th scope=row>privileges</th><td> 63.46437</td><td> 90.95172</td><td>149.70575</td><td> 70.84598</td><td> 56.67126</td><td>17.82529 </td><td> 43.21609</td></tr>\n",
       "\t<tr><th scope=row>learning</th><td> 89.10460</td><td> 93.25517</td><td> 70.84598</td><td>137.75747</td><td> 78.13908</td><td>13.46782 </td><td> 64.19770</td></tr>\n",
       "\t<tr><th scope=row>raises</th><td> 74.68851</td><td> 92.64138</td><td> 56.67126</td><td> 78.13908</td><td>108.10230</td><td>38.77356 </td><td> 61.42299</td></tr>\n",
       "\t<tr><th scope=row>critical</th><td> 18.84253</td><td> 24.73103</td><td> 17.82529</td><td> 13.46782</td><td> 38.77356</td><td>97.90920 </td><td> 28.84598</td></tr>\n",
       "\t<tr><th scope=row>advance</th><td> 19.42299</td><td> 30.76552</td><td> 43.21609</td><td> 64.19770</td><td> 61.42299</td><td>28.84598 </td><td>105.85747</td></tr>\n",
       "</tbody>\n",
       "</table>\n"
      ],
      "text/latex": [
       "\\begin{tabular}{r|lllllll}\n",
       "  & rating & complaints & privileges & learning & raises & critical & advance\\\\\n",
       "\\hline\n",
       "\trating & 148.17126 & 133.77931 &  63.46437 &  89.10460 &  74.68851 & 18.84253  &  19.42299\\\\\n",
       "\tcomplaints & 133.77931 & 177.28276 &  90.95172 &  93.25517 &  92.64138 & 24.73103  &  30.76552\\\\\n",
       "\tprivileges &  63.46437 &  90.95172 & 149.70575 &  70.84598 &  56.67126 & 17.82529  &  43.21609\\\\\n",
       "\tlearning &  89.10460 &  93.25517 &  70.84598 & 137.75747 &  78.13908 & 13.46782  &  64.19770\\\\\n",
       "\traises &  74.68851 &  92.64138 &  56.67126 &  78.13908 & 108.10230 & 38.77356  &  61.42299\\\\\n",
       "\tcritical &  18.84253 &  24.73103 &  17.82529 &  13.46782 &  38.77356 & 97.90920  &  28.84598\\\\\n",
       "\tadvance &  19.42299 &  30.76552 &  43.21609 &  64.19770 &  61.42299 & 28.84598  & 105.85747\\\\\n",
       "\\end{tabular}\n"
      ],
      "text/markdown": [
       "\n",
       "| <!--/--> | rating | complaints | privileges | learning | raises | critical | advance |\n",
       "|---|---|---|---|---|---|---|---|\n",
       "| rating | 148.17126 | 133.77931 |  63.46437 |  89.10460 |  74.68851 | 18.84253  |  19.42299 |\n",
       "| complaints | 133.77931 | 177.28276 |  90.95172 |  93.25517 |  92.64138 | 24.73103  |  30.76552 |\n",
       "| privileges |  63.46437 |  90.95172 | 149.70575 |  70.84598 |  56.67126 | 17.82529  |  43.21609 |\n",
       "| learning |  89.10460 |  93.25517 |  70.84598 | 137.75747 |  78.13908 | 13.46782  |  64.19770 |\n",
       "| raises |  74.68851 |  92.64138 |  56.67126 |  78.13908 | 108.10230 | 38.77356  |  61.42299 |\n",
       "| critical |  18.84253 |  24.73103 |  17.82529 |  13.46782 |  38.77356 | 97.90920  |  28.84598 |\n",
       "| advance |  19.42299 |  30.76552 |  43.21609 |  64.19770 |  61.42299 | 28.84598  | 105.85747 |\n",
       "\n"
      ],
      "text/plain": [
       "           rating    complaints privileges learning  raises    critical\n",
       "rating     148.17126 133.77931   63.46437   89.10460  74.68851 18.84253\n",
       "complaints 133.77931 177.28276   90.95172   93.25517  92.64138 24.73103\n",
       "privileges  63.46437  90.95172  149.70575   70.84598  56.67126 17.82529\n",
       "learning    89.10460  93.25517   70.84598  137.75747  78.13908 13.46782\n",
       "raises      74.68851  92.64138   56.67126   78.13908 108.10230 38.77356\n",
       "critical    18.84253  24.73103   17.82529   13.46782  38.77356 97.90920\n",
       "advance     19.42299  30.76552   43.21609   64.19770  61.42299 28.84598\n",
       "           advance  \n",
       "rating      19.42299\n",
       "complaints  30.76552\n",
       "privileges  43.21609\n",
       "learning    64.19770\n",
       "raises      61.42299\n",
       "critical    28.84598\n",
       "advance    105.85747"
      ]
     },
     "metadata": {},
     "output_type": "display_data"
    }
   ],
   "source": [
    "cov(attitude)"
   ]
  },
  {
   "cell_type": "code",
   "execution_count": 4,
   "metadata": {},
   "outputs": [
    {
     "data": {
      "text/html": [
       "<table>\n",
       "<thead><tr><th></th><th scope=col>rating</th><th scope=col>complaints</th><th scope=col>privileges</th><th scope=col>learning</th><th scope=col>raises</th><th scope=col>critical</th><th scope=col>advance</th></tr></thead>\n",
       "<tbody>\n",
       "\t<tr><th scope=row>rating</th><td>1.0000000</td><td>0.8254176</td><td>0.4261169</td><td>0.6236782</td><td>0.5901390</td><td>0.1564392</td><td>0.1550863</td></tr>\n",
       "\t<tr><th scope=row>complaints</th><td>0.8254176</td><td>1.0000000</td><td>0.5582882</td><td>0.5967358</td><td>0.6691975</td><td>0.1877143</td><td>0.2245796</td></tr>\n",
       "\t<tr><th scope=row>privileges</th><td>0.4261169</td><td>0.5582882</td><td>1.0000000</td><td>0.4933310</td><td>0.4454779</td><td>0.1472331</td><td>0.3432934</td></tr>\n",
       "\t<tr><th scope=row>learning</th><td>0.6236782</td><td>0.5967358</td><td>0.4933310</td><td>1.0000000</td><td>0.6403144</td><td>0.1159652</td><td>0.5316198</td></tr>\n",
       "\t<tr><th scope=row>raises</th><td>0.5901390</td><td>0.6691975</td><td>0.4454779</td><td>0.6403144</td><td>1.0000000</td><td>0.3768830</td><td>0.5741862</td></tr>\n",
       "\t<tr><th scope=row>critical</th><td>0.1564392</td><td>0.1877143</td><td>0.1472331</td><td>0.1159652</td><td>0.3768830</td><td>1.0000000</td><td>0.2833432</td></tr>\n",
       "\t<tr><th scope=row>advance</th><td>0.1550863</td><td>0.2245796</td><td>0.3432934</td><td>0.5316198</td><td>0.5741862</td><td>0.2833432</td><td>1.0000000</td></tr>\n",
       "</tbody>\n",
       "</table>\n"
      ],
      "text/latex": [
       "\\begin{tabular}{r|lllllll}\n",
       "  & rating & complaints & privileges & learning & raises & critical & advance\\\\\n",
       "\\hline\n",
       "\trating & 1.0000000 & 0.8254176 & 0.4261169 & 0.6236782 & 0.5901390 & 0.1564392 & 0.1550863\\\\\n",
       "\tcomplaints & 0.8254176 & 1.0000000 & 0.5582882 & 0.5967358 & 0.6691975 & 0.1877143 & 0.2245796\\\\\n",
       "\tprivileges & 0.4261169 & 0.5582882 & 1.0000000 & 0.4933310 & 0.4454779 & 0.1472331 & 0.3432934\\\\\n",
       "\tlearning & 0.6236782 & 0.5967358 & 0.4933310 & 1.0000000 & 0.6403144 & 0.1159652 & 0.5316198\\\\\n",
       "\traises & 0.5901390 & 0.6691975 & 0.4454779 & 0.6403144 & 1.0000000 & 0.3768830 & 0.5741862\\\\\n",
       "\tcritical & 0.1564392 & 0.1877143 & 0.1472331 & 0.1159652 & 0.3768830 & 1.0000000 & 0.2833432\\\\\n",
       "\tadvance & 0.1550863 & 0.2245796 & 0.3432934 & 0.5316198 & 0.5741862 & 0.2833432 & 1.0000000\\\\\n",
       "\\end{tabular}\n"
      ],
      "text/markdown": [
       "\n",
       "| <!--/--> | rating | complaints | privileges | learning | raises | critical | advance |\n",
       "|---|---|---|---|---|---|---|---|\n",
       "| rating | 1.0000000 | 0.8254176 | 0.4261169 | 0.6236782 | 0.5901390 | 0.1564392 | 0.1550863 |\n",
       "| complaints | 0.8254176 | 1.0000000 | 0.5582882 | 0.5967358 | 0.6691975 | 0.1877143 | 0.2245796 |\n",
       "| privileges | 0.4261169 | 0.5582882 | 1.0000000 | 0.4933310 | 0.4454779 | 0.1472331 | 0.3432934 |\n",
       "| learning | 0.6236782 | 0.5967358 | 0.4933310 | 1.0000000 | 0.6403144 | 0.1159652 | 0.5316198 |\n",
       "| raises | 0.5901390 | 0.6691975 | 0.4454779 | 0.6403144 | 1.0000000 | 0.3768830 | 0.5741862 |\n",
       "| critical | 0.1564392 | 0.1877143 | 0.1472331 | 0.1159652 | 0.3768830 | 1.0000000 | 0.2833432 |\n",
       "| advance | 0.1550863 | 0.2245796 | 0.3432934 | 0.5316198 | 0.5741862 | 0.2833432 | 1.0000000 |\n",
       "\n"
      ],
      "text/plain": [
       "           rating    complaints privileges learning  raises    critical \n",
       "rating     1.0000000 0.8254176  0.4261169  0.6236782 0.5901390 0.1564392\n",
       "complaints 0.8254176 1.0000000  0.5582882  0.5967358 0.6691975 0.1877143\n",
       "privileges 0.4261169 0.5582882  1.0000000  0.4933310 0.4454779 0.1472331\n",
       "learning   0.6236782 0.5967358  0.4933310  1.0000000 0.6403144 0.1159652\n",
       "raises     0.5901390 0.6691975  0.4454779  0.6403144 1.0000000 0.3768830\n",
       "critical   0.1564392 0.1877143  0.1472331  0.1159652 0.3768830 1.0000000\n",
       "advance    0.1550863 0.2245796  0.3432934  0.5316198 0.5741862 0.2833432\n",
       "           advance  \n",
       "rating     0.1550863\n",
       "complaints 0.2245796\n",
       "privileges 0.3432934\n",
       "learning   0.5316198\n",
       "raises     0.5741862\n",
       "critical   0.2833432\n",
       "advance    1.0000000"
      ]
     },
     "metadata": {},
     "output_type": "display_data"
    }
   ],
   "source": [
    "cor(attitude)"
   ]
  },
  {
   "cell_type": "code",
   "execution_count": 5,
   "metadata": {
    "scrolled": true
   },
   "outputs": [
    {
     "data": {
      "text/plain": [
       "\n",
       "\tPearson's product-moment correlation\n",
       "\n",
       "data:  rating and complaints\n",
       "t = 7.737, df = 28, p-value = 1.988e-08\n",
       "alternative hypothesis: true correlation is not equal to 0\n",
       "95 percent confidence interval:\n",
       " 0.6620128 0.9139139\n",
       "sample estimates:\n",
       "      cor \n",
       "0.8254176 \n"
      ]
     },
     "metadata": {},
     "output_type": "display_data"
    },
    {
     "data": {
      "text/plain": [
       "\n",
       "\tPearson's product-moment correlation\n",
       "\n",
       "data:  attitude$rating and attitude$complaints\n",
       "t = 7.737, df = 28, p-value = 1.988e-08\n",
       "alternative hypothesis: true correlation is not equal to 0\n",
       "95 percent confidence interval:\n",
       " 0.6620128 0.9139139\n",
       "sample estimates:\n",
       "      cor \n",
       "0.8254176 \n"
      ]
     },
     "metadata": {},
     "output_type": "display_data"
    },
    {
     "data": {
      "image/png": "iVBORw0KGgoAAAANSUhEUgAAA0gAAANICAMAAADKOT/pAAAAMFBMVEUAAABNTU1oaGh8fHyM\njIyampqnp6eysrK9vb3Hx8fQ0NDZ2dnh4eHp6enw8PD////QFLu4AAAACXBIWXMAABJ0AAAS\ndAHeZh94AAAZ2klEQVR4nO3d6VriSACG0QqrIsv93+2Y4IKOIk2+JAWc88OmZxpSD/AaUlko\nB6C3MvUA4B4ICQKEBAFCggAhQYCQIEBIECAkCBASBAgJAoQEAUKCACFBgJAgQEgQICQIEBIE\nCAkChAQBQoIAIUGAkCBASBAgJAgQEgQICQKEBAFCggAhQYCQIEBIECAkCBASBAgJAoQEAUKC\nACFBgJAgQEgQICQIEBIECAkChAQBQoIAIUGAkCBASBAgJAgQEgQICQKEBAFCggAhQYCQIEBI\nECAkCBASBAgJAoQEAUKCACFBgJAgQEgQICQIEBIECAkChAQBQoIAIUGAkCBASBAgJAgQEgQI\nCQKEBAFCggAhQYCQIEBIECAkCBASBAgJAoQEAUKCACFBgJAgQEgQICQIEBIECAkChAQBQoIA\nIUGAkCBASBAgJAgQEgSMEFKBG3PFuzwfzgSLgCQhQYCQIEBIECAkCBASBAgJAoQEAUKCACFB\ngJAgQEgQMGpIL+tFd3zfYvUy1CJgEiOGtJ+dHCs7H2QRMJERQ1qV5nnb3dptmrIaYhEwkRFD\nasr24/a2NEMsAiYyYkhfzn06fyKUkLgx1kgQMO420mbX3bKNxKSuOjP8j4cc5S5H85NZu9l+\nkEXAn7qK0imNux9p1e1HahZr+5GYTDn5GX7Qoe9S4SJ4VOXbn9lHHfYuFz1sv2sbwWXuIKTt\n6riZNFs8D7UI+MPth7Q+WeUshlkE/OnWt5E2Zbk7HF7mi8P2aVY2QywC/nbrs3bz0k15b8v6\nNafzqyQhMaTb3o/0PvjuoAaHCHFXRj1EqFsj7S9YswqJGzPqIULzl8NhtyjLw375+mOARcBE\nJjhEqNm/ro+a3SCLgGmMuh/p6TWl2fr1RrM6e6idkLg19RzZMPIiIElIECAkCBASBAgJAoQE\nAUKCACFBgJAgQEgQICQIEBIECAkChAQBQoIAIUGAkCBASBAgJAgQEgQICQKEBAFCggAhQYCQ\nIEBIECAkCBASBAgJAoQEAUKCACFBgJAgQEgQICQIEBIECAkChAQBQoIAIUGAkKhLKfW++mfG\nJiRq0r1TK03p7NiERE3Kyc/anB2bkKhI+fZnTc6PTUhUREhZNT6PjEBIWTU+j4zBNlJUnU8k\nwzNrF1XnE8kY7EcKqvephB8JCQKEBAFCggAhQYCQIEBIECAkCBASBAgJAoQEAUKCACFBgJC4\nWs0Hao9NSFyp5lOHxickrlTzyazjExLXqfnyChMQEtcR0hdC4jpC+kJIXMk20ikhcSWzdqeE\nxNXsR/okJAgQEuOra1UWGY2QGFtdG1eh0QiJsdU13RcajZAYWV07oFKjERIjE1JokXUsgqkI\nKbTIOhbBZGwjXX2XChfBZMzaXX2XChfBhOxHuvIuFS4CkoQEAUKCACFBgJAgQEgQICQIGDWk\nl/WitBarl6EWAZMYMaT9rHyaD7IImMiIIa1K87ztbu02TVkNsQiYyIghNWX7cXtbmiEWARMZ\nMaQvRzSdP7xJSNwYayQIGHcbabPrbtlG4t6MOf09P5m1m+0HWQRMY9z9SKtuP1KzWNuPxH1x\nZAME1BNSOTXMImAoY4a0W5ZmfTg8zUpzdqrBGombM+YhQk27rnlaO0SI+zPq9PfremjVlOX+\nsF+Z/uaujLpDtrt36Sa+7ZDlrox+iNDbRIJDhLgrE6yR2p97ayTuygTbSKv92+38ImAiZu0g\nwH4kCKjnyIaRFwFJQoIAIUGAkCBASBAgJAgQEgQICQKExOMZ4BxsIfFoBvlWdSHxaMrJz/CD\nDn2XChfBoyrf/sw+6rB3qXARPCohQYCQIME2EgSYtYMI+5GgTkLinKqvw17T4ITE7wbZmkip\na3BC4neDzG+l1DU4IfGrYfa4hFQ2OCHxq8req19VNjgh8avK3qtfVTY4IfG7ujZDvqlrcELi\nd3VNjH1T1+CExDk17ar5n5oGJyQIEBIECAkChAQBQoIAIUGAkCBASBAgJAgQEgQICQKEBAFC\nggAhMYIxjtOe9lhwITG4Mc4cmvrsJCExuDHOZZ36fFkhMbQxrq4w+RUchMTQhBS7S4WLYDRC\nit2lwkUwHttIqbtUuAjGY9YudZcKF8GY7EfK3KXCRUCSkCBASBAgJAgQEgQICQKEBAFCggAh\nQYCQIEBIECAkCBASBAgJAoQEAUKCACFBgJAgQEgQICQIEBIECAkChAQBQoIAIUGAkCBASBAg\nJAgQEgQICQKEBAFCggAhQYCQIKBvSE+zw2E3K7OX1ID+vwioX8+QNu33djblVbQkIXFjeoY0\nL8+HbZkdnss8NqSDkLg5PUNqV0jbskp/MbuQuDGBkBZlIyQeXO+PdttNaQ4XfrR7WS/azamy\nWP2xRSUkbkz/yYZS1u0KafPn/faz8ul8d0LixvSe/m7aLaTD7Pnv+61K87ztbu02x3slRwVT\nGnGHbFO2H7e37efB/CJgIiOGVL7PUuQXARMJzNp1mrNrmOM/sUbiboVC2l0w/f26jbTZHf+1\nbaR6leyejAEftCo9QtqUU7O/7zg//ef78KiI6N7w6Xf9IA9amT5rpNPp7IuOWn1ZdfuRmsXa\nfqRKlZOfdT9oZVLbSFn3/ZxXrHz7s94HrU095yN9+aA4zCL4i5CuNeb0d3PxqRZ3/ZTXTEjX\n6hvSenbxSqQ9yO7sFEOvURFhG+lKPUNa/8OnsVLaWe+LUrrv57xmZu2u1DOkpjxdfr9y2C9K\nWf59eKuQJmQ/0lVGnLXr/u22nQBfPG3Pr5ju/Vnn7vQMaVEu3Oo5fES3XTV/fhQUEjemZ0i7\nZn75VNzHHbdPi5mQuCe9P9r9y2TDkKOCKQkJAuo5smHkRUCSkCCgR0jtR7WBDo8TEjdGSBDg\nox0ECAkCUiG9LPqO5M9FQL36hrSyjQS9Q/rs6IJjuq9bBNyA3qdRPB/mZbeb+6IxHlrgNIr1\n69po64vGeGiBkDbtyX22kXhovc9Hej7syuzwIiQeWs+Qui9j7q6guowN6SAkbk7vqwi1f1uW\n85fy7rcIqJ8jGyBASBDQ6+jvwa4yLCRujJAgwEe7W3L/11m8WUK6HY9w5d+b1Tuk5/bSqZdc\nhvj6RXD0CNeiv1l9Q3r/Osvo6UjeLD8p3/6kJr1Po2jaldHmXy6m/4+L4I2Qatb7NIpt9+f2\nki9jvm4RvBFSzVLfRmH6e3i2kSrW+6Pd+xrJNRsGZ9auYr0PWu22kV6a6Hl9QvqF/UjVyl1E\nP3l0g7cLN0ZIo7AquXeObBiBjZv7J6QRmG67f0Ianh1AD6D3lVYbp1H8RUgPIHalVSH9SkgP\noPesXfQYu58WcQdsI92/1CFCWXf2njNrd/96f7Tbx4byyyLugv1I9673+UjzXWoovy0C6tc3\npI3JBugd0tqsHRwCJ/aZtQOzdhDR+6OdWTsInNg3j37n5U+LgPrlzkeKDekgJG6OkCDAaRQQ\nICQI6H/t7/aixYvn0HB+XARUL3Xtb5fj4qH1DOnJtb9vkYPR43qGNHPt79vj9KgBuPb343HC\n7gBia6QmM57/L4Iwl5AYgm2khyOkIZi1ezhCGkL//UgL+5FujG2kATiy4fGYtRuAkB6R/Uhx\nfUPar9rpumaVPb/Py8yN6RnSrnn7nNBEr8olJG5Mz5DmZdmui/Yr3yFbGZ/exuXIhrtkPmFs\nvS/Hddw42gupKma4x9b72t/dxU9e5mWVGtH3RfDv7HMdnSMb7pGQRpc5smEevt6qN0A/Qhqd\nHbJ3yTbS2IR0l8zaja1XSN1RDYenWWmiUw1CCrAfaVw9Qtofj2pYdJMNTfQYIe8BbkyPkFZl\n/lrPS5ntD3vT3zy2HiEdd8YuS3uK7N6p5g/vsT9MXh9S+Z9JR8W0Hn16o+8aaXP8TGeN9Oge\nfcK9R0jL14b2x8sI7Re2kR7bw+8C7hHSrvs8t+z+k/ORHpyQetxlO3/fgdQsnSH72IQ0yl0q\nXARZtpHGuEuFiyDLrF3Pu2wW7bO3iG4iCekW2Y/U5y7z4w4kkw08tp4hPZV5d5b503H2LkVI\n3JjANRsG+HQspDFd/pnssT+9nRW4ipCQbtrlL9+jzyec1TOk2dsayTf23azL560ffYb7rMw2\nku9HulmX70l9+H2uZ/WdtVv8y1WEXtbHf75YvcRHxXWElBHZj3TZ9yPtZyenXJwPz2s1GiFl\njHhkw6o0z8dvnN29fhQ8e7S412o8tpEiRgypefvi5tYfX97sxRqPWbuIHiH96/mxX/7J+X/v\nxRqT/UgBI4ZkjcT96j1r17TXPnlpLjhC6HUbaXM8Is82UsXO/U60RvpVz5BWb2uZ7SWnms9P\n1l+zs2cCermmcm47yDbSGYFDhL7eOOdl1e1HahZr+5EqdW5mzqzdGb0PWn1fI7mK0D04t6/I\nfqRzen+0a9qVy+s2z7r3SIa5RB7/QkjXipzY1x7bcMEd991F99ezUuZ/HAnhtZqIkK7Ve4ds\n90Vji80F99u1F91vr7zvEKF62Ua60ohHNizLYv/6Y7l7bWpp+rtOZu2uNGJIpb3EcTl+Dfof\nlzj2Yk3HfqSrjBrSoZ3mO/lLfBEwkd77kS6faFu2U+Xr43z5/vxGkpC4MSOGtC3NantYNK8l\nbWbl7PSEkLgxmY92L/NLpr83zWd253c7CYkbE9pG2l92XbvnZXeW7GL9x+UkhcSNSU02uBwX\nDy0U0pNj7XhoscmG3sfa/bYIuAGhkGbRy9oJiVsz4g7ZuhYBSUKCgNQZso3JBh5ZKKSd6W8e\nWo+QNl/OaX3Eb6NwMDTv+qyRTq/lPfvjciaDj2p8Ts/hU2obKesm3p1OGOWTWbtruYQBJ3qE\ndPzay0Eu/HMLb04hcUJI1xISJ3y0u5ptJD4J6Wpm7fjkyIYe7EfinSMbIMCRDRDgyIbzfHrj\nIo5sOMd8Ahcya3eOGW4uZNbuDPtcuZRZuzOExKXM2p0hJC5l1u4c20hcyKzdOWbtuJBZu/Ps\nR+IiqZBeLvk6in6LgHr1DWn1sOcjwYmeIX12dMn3ml+1CLgBPUNqyvNhXna7ebnLWTu4UGDW\nbv26Ntqe/07YPouAGxAIaVOe0nPEQuLG9Axp8frRbldmhxch8dB6hrRpA5q3kw0XfYfsNYuA\nG9B3+nvd/m1Zyio0nh8WAfVzZAMECAkChAQBdxuSo00Z052G5PwHxnWvIWUeBi50nyE5R5yR\nCQkChAQB9xmSbSRGdq8hmbVjVHcakv1IjOtuQ4IxCQkChPSIfO6NE9LjMRMzACE9HvsGBiCk\nh2Nv9RCE9HCENAQhPRwhDUFIj8c20gCE9HjM2g1ASI/IfqQ4IUGAkCBASPigFyCkR2fqIUJI\nj85keISQHpzdsxlCenBCyhDSgxNShpAenW2kCCE9OrN2EULCfqQAIUGAkCBASBAgJAgQEgQI\nCQKEBAFCggAhQYCQIEBIECAkCBASBNxtSA5pZkx3GpKTbBjXvYaUeRi40H2G5EIEjExIEDBq\nSC/rRWktVi9DLeLr/YXESEYMaT8rn+aDLOLbA+iIsYwY0qo0z9vu1m7TlNUQi/h8ALN2jGrE\nkJqy/bi9Lc0Qizh9CBkxohFD+vLOPv821wA35m7XSDCmcbeRNrvu1vDbSDCuMae/5yezdrP9\nIIuAaYy7H2nV7UdqFuuB9yPByO7zyAYYWT0hlVPDLAKGMn5IT7NSFptBFwFjG30/0tuMw9lJ\nOyFxa8YOaVVW+8NhtypPQywCJjJ2SE3p5r33ZTbEImAiY4f0Po/gECHuytghLd9DcogQ92TU\nkBbrp015fr25XzlEiLsyakgf+4hKaRwixD0Zcz/Sdvv0tFh0Uw6rsx0JiVtTz5ENIy8CkoQE\nAUKCACFBgJAgQEgQICQIEBIECAkChAQBQoIAIUGAkCBASBAgJAgQEgQICQKEBAFCggAhQYCQ\nIEBIECAkCBASBAgJAoQEAUKCACFBgJAgQEgQICQIEBIECAkChAQBQoIAIUGAkCBASBAgJAgQ\nEgQICQKEBAFCggAhQYCQIEBIECAkCBASBAgJAoQEAUKCACFBgJAgQEgQICQIEBIECAkChAQB\nQoIAIUGAkCBASBAgJAgQEgQICQKEBAFCggAhQYCQIEBIECAkCBASBAgJAoQEAUKCACFBgJAg\nQEgQICQIEBIECAkChAQBQoIAIUGAkCBASBAgJAgQEgSMGtLLelFai9XLUIuASYwY0n5WPs0H\nWQRMZMSQVqV53na3dpumrIZYBExkxJCasv24vS3NEIuAiYwYUim//SW2CJiINRIEjLuNtNl1\nt+5lG6mcX6/yQMac/p6fzNrN9oMsYkxdRVKiM+5+pFW3H6lZrO9hP1I5+cmjc2TDtcq3P3lo\n9YRUTg2ziCghcWKSkP4M5RbenELihJCuZhuJT6PukL3409tNvDvN2vFpxJBemvsKyX4kPo35\n0W6/KPNuj+x9fLSDT+NuIz2X8nwQEvdn5MmG3bws9kLi7ow+a7cuzUZI3Jvxp7+3s7+30YXE\njZliP9JSSNybeg4RGnkRkCQkCBASBAgJAoQEAUKCACFBgJAgQEgQICQIEBIECAkChAQBQoIA\nIUGAkCBASBBwWyG5kByVuqWQXNqUat1USGMtHv7VDYXk6x+ol5AgQEgQcEMh2UaiXjcVklk7\nanVLIdmPRLVuKySolJAgQEgQICQIEBIECAkChAQBQoIAIUGAkCBASBAgJAgQEgQICQKEBAFC\nggAhQYCQIKDSkODGXPEuz4dzE8v+QV3DMZrf1TWaIyF9qGs4RvO7ukZzJKQPdQ3HaH5X12iO\nhPShruEYze/qGs2RkD7UNRyj+V1dozkS0oe6hmM0v6trNEdC+lDXcIzmd3WN5khIH+oajtH8\nrq7RHAnpQ13DMZrf1TWaIyF9qGs4RvO7ukZzJKQPdQ3HaH5X12iOhPShruEYze/qGs1RjWOC\nmyMkCBASBAgJAoQEAUKCACFBgJAgQEgQICQIEBIECAkChAQBQoIAIUGAkCBgopBe3pa7akqz\n2k8zhjenl02vYDjbZSnLXR2j+XJN+clHc9ifDGH60XwzTUj75rjcefcyzSYZw5vtyXulguFs\nuiE0+ypG895RU8Vods1xMLsqRvPdNCEtjm/cl9JsD9umvEwyiKNtWbzfrGE4zesQ9ouyqmM0\nnU07hApGs2yflcOqLKsYzXeThPT8/mmhbLq/racYxJunz6VXMJzn7s2yb9cBFYyms2/a3zQV\njObt43f7RwWj+W6KkHZlfnxSFqVdTZ+sEybwVJ7eb1YwnGXZVjSat3Hs6xjN2+ZA+0umgtF8\nN0VI87I7hnTyO2Yyi7JZvm63VjKcWTmsm7Lc1zGa1rbU8tys3z7arasYzXcTDGVdng81hdSZ\n1zGcUhbvW/cVjKZ1XCFVMZqndraheapkNN+MP5RuhVxPSOU168N+1X7Aq2A4pd2K3i/r+a27\nbbftD3WMZt39yltXMppvxh/KrJ3brSeko307lVrBcEq3jbSrZDSH9836Kkbz1H60e/0lU8ev\nvO9GH8qye2WOT0FTz/PRjqGC4Zy8QyoYzeFjFDWMZtZ9yOx+5VUwmu9GH8rpV7AfJ192NUy+\nVDKcxec7pILRnEyMVTCaUtlz89WkIa27tdPmOC80kab7Pde9JhUM5ziEXTv3UcFoTnYOVDCa\n42qo28dWwWi+m2jlWM+RDavuk3e3KVDBcF63jvbtdsBzFaNpf/W/7deqYDSvr9T+7fWqYDTf\nTRrS68fe96nnyeyPR3CtKhnO+nMIFYzmbbukktHM63puvpo2pOPxvNMM4V07htlTNcPZzN+H\nUMNoPjfnaxjN5xBqGM1XFc17wO0SEgQICQKEBAFCggAhQYCQIEBIECAkCBASBAgJAoQEAUKC\nACFBgJAgQEgQICQIEBIECAkChAQBQoIAIUGAkCBASBAgJAgQEgQICQKEBAFCggAhQYCQIEBI\nECCkm+clrIFXoRabz5/d9+RtfvxX5dsLtlu2X123//HfnjwYQ/MsV2JWPn+27/3Zz6/Mtyy2\nxy+Ib848pJBG4VmuRPn2rv/l/f/tP8/Lal/28/Lj16lKaESe60pcF1L713LY/7xKEtKIPNeT\n2izK8du5u09obz8PX24d3n+umtcVz/Hm06w03RexN2X//hKWsp+Vxf8e8tha2S1Ksz58exhy\nPKFTWh83cVaXhDRv/8uiu7no/u/89daqzDYfIS3aR/r+kG8hNe1f1u8PsxRSmid0SqU8Hw7P\n3bv6dN3zfV3U/nwuzfawbdqbmzLfH143jNpJuWWbxcvxH833vz1k9/+eyqy978fDkOQJnd5F\nIS1Km8vmeLMtZt9+jjsctqt2RdX9o5dfH/L4/4733bw/DEme0GntNuv5RSG9vfWPN98cH6Js\nZuXpZGrhh4f88WFI8oROav5RRI+QXldOs882fnpIIQ3OEzqlZZk9bXb/HtKXBylf/uuPDymk\nwXlCp9S9n/8M6eVz4+bkZuc4/d3tRzpN5PeQbCMNxBM6pXYSYPu+QbM7+fl+q9362c+PU3Uf\n023dBN7hqZ1iWJbF+5ENHyH97yFPQzJrNxBP6JRWbxs7L20y7Wrl+LN9mx9vPX3bebT83KVU\nmtdM9s3HsXZvbfzvIX/aHVWElOYJndRrGPOXTbtueZm17/rjz/Ztfrx1WDdl+dbB+suRDWXZ\nrm4Ou9X70d/vbXx/yO8bXK93mL8IKc0TevOueQm7wyIIEtLN+6eXsDvwYb/4+XBxriekx7I+\ndwIT1xPSg3malzKzPooTEgQICQKEBAFCggAhQYCQIEBIECAkCBASBAgJAoQEAUKCACFBgJAg\nQEgQICQIEBIECAkChAQBQoIAIUGAkCBASBAgJAgQEgQICQKEBAH/AWdBC0cQU5JAAAAAAElF\nTkSuQmCC",
      "text/plain": [
       "plot without title"
      ]
     },
     "metadata": {},
     "output_type": "display_data"
    }
   ],
   "source": [
    "with(attitude, cor.test(rating, complaints))\n",
    "cor.test(attitude$rating, attitude$complaints)\n",
    "plot(attitude$rating, attitude$complaints)"
   ]
  },
  {
   "cell_type": "code",
   "execution_count": 6,
   "metadata": {},
   "outputs": [
    {
     "data": {
      "text/html": [
       "<table>\n",
       "<thead><tr><th scope=col>speed</th><th scope=col>dist</th></tr></thead>\n",
       "<tbody>\n",
       "\t<tr><td>4 </td><td> 2</td></tr>\n",
       "\t<tr><td>4 </td><td>10</td></tr>\n",
       "\t<tr><td>7 </td><td> 4</td></tr>\n",
       "\t<tr><td>7 </td><td>22</td></tr>\n",
       "\t<tr><td>8 </td><td>16</td></tr>\n",
       "\t<tr><td>9 </td><td>10</td></tr>\n",
       "</tbody>\n",
       "</table>\n"
      ],
      "text/latex": [
       "\\begin{tabular}{r|ll}\n",
       " speed & dist\\\\\n",
       "\\hline\n",
       "\t 4  &  2\\\\\n",
       "\t 4  & 10\\\\\n",
       "\t 7  &  4\\\\\n",
       "\t 7  & 22\\\\\n",
       "\t 8  & 16\\\\\n",
       "\t 9  & 10\\\\\n",
       "\\end{tabular}\n"
      ],
      "text/markdown": [
       "\n",
       "| speed | dist |\n",
       "|---|---|\n",
       "| 4  |  2 |\n",
       "| 4  | 10 |\n",
       "| 7  |  4 |\n",
       "| 7  | 22 |\n",
       "| 8  | 16 |\n",
       "| 9  | 10 |\n",
       "\n"
      ],
      "text/plain": [
       "  speed dist\n",
       "1 4      2  \n",
       "2 4     10  \n",
       "3 7      4  \n",
       "4 7     22  \n",
       "5 8     16  \n",
       "6 9     10  "
      ]
     },
     "metadata": {},
     "output_type": "display_data"
    }
   ],
   "source": [
    "data=read.csv(\"cars.csv\")\n",
    "head(data)"
   ]
  },
  {
   "cell_type": "code",
   "execution_count": 7,
   "metadata": {},
   "outputs": [
    {
     "data": {
      "text/plain": [
       "\n",
       "Call:\n",
       "lm(formula = dist ~ speed, data = data)\n",
       "\n",
       "Residuals:\n",
       "    Min      1Q  Median      3Q     Max \n",
       "-29.069  -9.525  -2.272   9.215  43.201 \n",
       "\n",
       "Coefficients:\n",
       "            Estimate Std. Error t value Pr(>|t|)    \n",
       "(Intercept) -17.5791     6.7584  -2.601   0.0123 *  \n",
       "speed         3.9324     0.4155   9.464 1.49e-12 ***\n",
       "---\n",
       "Signif. codes:  0 '***' 0.001 '**' 0.01 '*' 0.05 '.' 0.1 ' ' 1\n",
       "\n",
       "Residual standard error: 15.38 on 48 degrees of freedom\n",
       "Multiple R-squared:  0.6511,\tAdjusted R-squared:  0.6438 \n",
       "F-statistic: 89.57 on 1 and 48 DF,  p-value: 1.49e-12\n"
      ]
     },
     "metadata": {},
     "output_type": "display_data"
    }
   ],
   "source": [
    "out = lm(dist~speed, data=data)\n",
    "summary(out)"
   ]
  },
  {
   "cell_type": "code",
   "execution_count": 8,
   "metadata": {},
   "outputs": [
    {
     "data": {
